0.00265231 0.564112
0.00464052 0.564106
0.00662231 0.564094
0.00859768 0.564088
0.0105667 0.564076
0.0125292 0.56407
0.0144855 0.564057
0.0164353 0.564051
0.0183788 0.564039
0.020316 0.564033
0.0222469 0.56402
0.0241714 0.564014
0.0260897 0.564001
0.0280016 0.563994
0.0299074 0.563981
0.0318068 0.563975
0.0337001 0.563961
0.0355871 0.563955
0.0374679 0.563941
0.0393426 0.563934
0.041211 0.563921
0.0430733 0.563914
0.0449295 0.5639
0.0467795 0.563893
0.0486235 0.563879
0.0504613 0.563871
0.0522931 0.563857
0.0541188 0.56385
0.0559384 0.563835
0.0577521 0.563828
0.0595597 0.563813
0.0613614 0.563805
0.0631571 0.56379
0.0649468 0.563782
0.0667307 0.563766
0.0685086 0.563758
0.0702806 0.563742
0.0720467 0.563734
0.073807 0.563718
0.0755614 0.56371
0.0773101 0.563694
0.0790529 0.563685
0.08079 0.563668
0.0825213 0.56366
0.0842469 0.563643
0.0859668 0.563634
0.0876809 0.563616
0.0893894 0.563608
0.0910923 0.56359
0.0927895 0.563581
0.0944812 0.563562
0.0961672 0.563553
0.0978477 0.563535
0.0995227 0.563525
0.101192 0.563506
0.102856 0.563497
0.104514 0.563478
0.106167 0.563468
0.107815 0.563448
0.109457 0.563438
0.111094 0.563418
0.112725 0.563408
0.114352 0.563388
0.115972 0.563378
0.117588 0.563357
0.119198 0.563346
0.120803 0.563325
0.122403 0.563315
0.123997 0.563293
0.125587 0.563282
0.127171 0.56326
0.12875 0.563249
0.130324 0.563227
0.131893 0.563216
0.133457 0.563193
0.135016 0.563182
0.13657 0.563159
0.138119 0.563147
0.139662 0.563123
0.141201 0.563112
0.142735 0.563088
0.144265 0.563076
0.145789 0.563052
0.147308 0.563039
0.148823 0.563015
0.150333 0.563002
0.151838 0.562977
0.153338 0.562965
0.154834 0.562939
0.156325 0.562926
0.157811 0.5629
0.159292 0.562887
0.160769 0.562861
0.162242 0.562848
0.163709 0.562821
0.165172 0.562808
0.166631 0.562781
0.168085 0.562767
0.169535 0.562739
0.17098 0.562726
0.172421 0.562698
0.173857 0.562684
0.175289 0.562655
0.176716 0.562641
0.17814 0.562612
0.179558 0.562598
0.180973 0.562569
0.182383 0.562554
0.183789 0.562524
0.185191 0.562509
0.186588 0.562479
0.187982 0.562464
0.189371 0.562434
0.190756 0.562418
0.192137 0.562388
0.193513 0.562372
0.194886 0.562341
0.196255 0.562325
0.197619 0.562293
0.19898 0.562277
0.200336 0.562245
0.201689 0.562229
0.203037 0.562196
0.204382 0.56218
0.205723 0.562147
0.20706 0.56213
0.208393 0.562097
0.209722 0.56208
0.211047 0.562046
0.212369 0.562029
0.213686 0.561995
0.215 0.561978
0.21631 0.561943
0.217617 0.561925
0.218919 0.56189
0.220218 0.561872
0.221514 0.561837
0.222805 0.561819
0.224093 0.561783
0.225378 0.561765
0.226659 0.561728
0.227936 0.56171
0.22921 0.561673
0.23048 0.561654
0.231746 0.561617
0.233009 0.561598
0.234269 0.56156
0.235525 0.561541
0.236778 0.561503
0.238027 0.561484
0.239273 0.561445
0.240516 0.561426
0.241755 0.561386
0.242991 0.561367
0.244223 0.561327
0.245452 0.561307
0.246678 0.561267
0.2479 0.561247
0.24912 0.561206
0.250336 0.561186
0.251548 0.561145
0.252758 0.561124
0.253964 0.561083
0.255167 0.561062
0.256367 0.56102
0.257564 0.560999
0.258758 0.560957
0.259949 0.560935
0.261136 0.560893
0.26232 0.560871
0.263502 0.560828
0.26468 0.560806
0.265855 0.560762
0.267027 0.56074
0.268197 0.560696
0.269363 0.560674
0.270526 0.560629
0.271686 0.560607
0.272843 0.560562
0.273998 0.560539
0.275149 0.560493
0.276298 0.56047
0.277443 0.560424
0.278586 0.560401
0.279726 0.560355
0.280863 0.560331
0.281997 0.560284
0.283129 0.560261
0.284257 0.560213
0.285383 0.560189
0.286506 0.560141
0.287627 0.560117
0.288744 0.560069
0.289859 0.560044
0.290971 0.559995
0.29208 0.559971
0.293187 0.559921
0.294291 0.559896
0.295392 0.559847
0.296491 0.559821
0.297587 0.559771
0.29868 0.559746
0.299771 0.559695
0.300859 0.559669
0.301945 0.559618
0.303028 0.559592
0.304108 0.55954
0.305186 0.559514
0.306262 0.559462
0.307334 0.559435
0.308405 0.559382
0.309472 0.559356
0.310538 0.559302
0.311601 0.559275
0.312661 0.559222
0.313719 0.559194
0.314774 0.55914
0.315827 0.559113
0.316878 0.559058
0.317926 0.55903
0.318972 0.558975
0.320015 0.558947
0.321056 0.558891
0.322094 0.558863
0.323131 0.558806
0.324165 0.558778
0.325196 0.558721
0.326225 0.558692
0.327252 0.558635
0.328277 0.558606
0.329299 0.558548
0.330319 0.558518
0.331337 0.55846
0.332352 0.55843
0.333366 0.558371
0.334377 0.558341
0.335385 0.558282
0.336392 0.558252
0.337396 0.558192
0.338398 0.558161
0.339398 0.558101
0.340396 0.55807
0.341391 0.558009
0.342385 0.557978
0.343376 0.557916
0.344365 0.557885
0.345352 0.557822
0.346337 0.557791
0.347319 0.557728
0.3483 0.557696
0.349278 0.557633
0.350255 0.557601
0.351229 0.557537
0.352201 0.557505
0.353171 0.55744
0.354139 0.557408
0.355105 0.557342
0.356069 0.557309
0.357031 0.557244
0.357991 0.557211
0.358949 0.557144
0.359905 0.557111
0.360859 0.557044
0.361811 0.55701
0.362761 0.556943
0.363708 0.556909
0.364654 0.55684
0.365598 0.556806
0.366541 0.556737
0.367481 0.556703
0.368419 0.556633
0.369355 0.556599
0.370289 0.556529
0.371222 0.556493
0.372152 0.556423
0.373081 0.556387
0.374008 0.556316
0.374932 0.55628
0.375855 0.556209
0.376777 0.556172
0.377696 0.5561
0.378613 0.556064
0.379529 0.555991
0.380442 0.555954
0.381354 0.55588
0.382264 0.555843
0.383173 0.555769
0.384079 0.555731
0.384984 0.555656
0.385886 0.555619
0.386787 0.555543
0.387687 0.555505
0.388584 0.555429
0.38948 0.55539
0.390374 0.555313
0.391266 0.555275
0.392156 0.555197
0.393045 0.555158
0.393932 0.55508
0.394817 0.555041
0.395701 0.554962
0.396582 0.554922
0.397462 0.554842
0.398341 0.554802
0.399217 0.554722
0.400092 0.554682
0.400966 0.5546
0.401837 0.55456
0.402707 0.554478
0.403575 0.554437
0.404442 0.554355
0.405307 0.554313
0.40617 0.55423
0.407032 0.554188
0.407892 0.554104
0.40875 0.554062
0.409607 0.553978
0.410462 0.553935
0.411315 0.55385
0.412167 0.553807
0.413018 0.553721
0.413866 0.553678
0.414713 0.553591
0.415559 0.553547
0.416403 0.55346
0.417245 0.553416
0.418086 0.553327
0.418925 0.553283
0.419763 0.553194
0.420599 0.553149
0.421433 0.553059
0.422266 0.553014
0.423098 0.552924
0.423928 0.552878
0.424756 0.552787
0.425583 0.552741
0.426408 0.552649
0.427232 0.552602
0.428054 0.552509
0.428875 0.552463
0.429694 0.552369
0.430512 0.552322
0.431328 0.552227
0.432143 0.552179
0.432956 0.552084
0.433768 0.552036
0.434579 0.55194
0.435388 0.551891
0.436195 0.551794
0.437001 0.551745
0.437806 0.551647
0.438609 0.551598
0.43941 0.551499
0.440211 0.55145
0.441009 0.55135
0.441807 0.5513
0.442603 0.551199
0.443397 0.551149
0.44419 0.551047
0.444982 0.550996
0.445772 0.550894
0.446561 0.550842
0.447349 0.550739
0.448135 0.550687
0.448919 0.550583
0.449703 0.55053
0.450484 0.550425
0.451265 0.550372
0.452044 0.550266
0.452822 0.550213
0.453598 0.550106
0.454374 0.550052
0.455147 0.549944
0.45592 0.54989
0.456691 0.549781
0.45746 0.549726
0.458229 0.549616
0.458996 0.549561
0.459761 0.54945
0.460526 0.549394
0.461289 0.549282
0.46205 0.549226
0.462811 0.549113
0.46357 0.549056
0.464327 0.548942
0.465084 0.548884
0.465839 0.548769
0.466593 0.548712
0.467345 0.548595
0.468097 0.548537
0.468847 0.54842
0.469595 0.548361
0.470343 0.548243
0.471089 0.548183
0.471834 0.548064
0.472577 0.548004
0.47332 0.547883
0.474061 0.547822
0.474801 0.547701
0.475539 0.54764
0.476276 0.547517
0.477012 0.547455
0.477747 0.547331
0.478481 0.547269
0.479213 0.547144
0.479944 0.547081
0.480674 0.546954
0.481403 0.546891
0.48213 0.546763
0.482856 0.546699
0.483581 0.54657
0.484305 0.546506
0.485028 0.546376
0.485749 0.54631
0.486469 0.546179
0.487188 0.546113
0.487906 0.54598
0.488623 0.545914
0.489338 0.54578
0.490052 0.545713
0.490765 0.545577
0.491477 0.545509
0.492188 0.545373
0.492897 0.545304
0.493606 0.545166
0.494313 0.545097
0.495019 0.544958
0.495724 0.544888
0.496427 0.544747
0.49713 0.544677
0.497831 0.544535
0.498531 0.544463
0.49923 0.54432
0.499928 0.544247
0.500625 0.544102
0.501321 0.54403
0.502015 0.543883
0.502709 0.54381
0.503401 0.543662
0.504092 0.543587
0.504782 0.543438
0.505471 0.543363
0.506159 0.543212
0.506845 0.543136
0.507531 0.542983
0.508215 0.542906
0.508899 0.542752
0.509581 0.542674
0.510262 0.542518
0.510942 0.54244
0.511621 0.542283
0.512299 0.542203
0.512975 0.542044
0.513651 0.541964
0.514326 0.541803
0.514999 0.541722
0.515672 0.541559
0.516343 0.541478
0.517013 0.541313
0.517683 0.54123
0.518351 0.541064
0.519018 0.54098
0.519684 0.540812
0.520349 0.540728
0.521013 0.540558
0.521676 0.540472
0.522337 0.5403
0.522998 0.540214
0.523658 0.54004
0.524317 0.539952
0.524974 0.539776
0.525631 0.539688
0.526286 0.53951
0.526941 0.53942
0.527594 0.53924
0.528247 0.53915
0.528898 0.538968
0.529549 0.538876
0.530198 0.538692
0.530847 0.538599
0.531494 0.538413
0.53214 0.538319
0.532786 0.53813
0.53343 0.538035
0.534073 0.537844
0.534716 0.537748
0.535357 0.537555
0.535997 0.537457
0.536637 0.537262
0.537275 0.537163
0.537912 0.536965
0.538549 0.536865
0.539184 0.536665
0.539818 0.536563
0.540452 0.53636
0.541084 0.536258
0.541716 0.536052
0.542346 0.535948
0.542976 0.53574
0.543604 0.535635
0.544232 0.535424
0.544859 0.535317
0.545484 0.535103
0.546109 0.534995
0.546733 0.534778
0.547355 0.534669
0.547977 0.534449
0.548598 0.534339
0.549218 0.534116
0.549837 0.534004
0.550455 0.533778
0.551072 0.533664
0.551688 0.533435
0.552303 0.533319
0.552918 0.533087
0.553531 0.53297
0.554143 0.532734
0.554755 0.532616
0.555365 0.532377
0.555975 0.532256
0.556584 0.532014
0.557192 0.531891
0.557798 0.531645
0.558404 0.531521
0.559009 0.531271
0.559613 0.531145
0.560217 0.530892
0.560819 0.530764
0.56142 0.530506
0.562021 0.530376
0.56262 0.530115
0.563219 0.529983
0.563817 0.529717
0.564414 0.529583
0.56501 0.529313
0.565605 0.529177
0.566199 0.528902
0.566792 0.528764
0.567385 0.528485
0.567976 0.528344
0.568567 0.52806
0.569157 0.527917
0.569746 0.527629
0.570334 0.527483
0.570921 0.527189
0.571507 0.527041
0.572093 0.526742
0.572677 0.526591
0.573261 0.526287
0.573844 0.526134
0.574426 0.525824
0.575007 0.525668
0.575587 0.525352
0.576166 0.525193
0.576745 0.524872
0.577322 0.524709
0.577899 0.524382
0.578475 0.524216
0.57905 0.523882
0.579625 0.523713
0.580198 0.523373
0.580771 0.5232
0.581342 0.522853
0.581913 0.522677
0.582483 0.522322
0.583053 0.522143
0.583621 0.521781
0.584189 0.521597
0.584755 0.521227
0.585321 0.52104
0.585886 0.520661
0.586451 0.52047
0.587014 0.520083
0.587577 0.519887
0.588138 0.519491
0.588699 0.51929
0.58926 0.518885
0.589819 0.518679
0.590378 0.518264
0.590935 0.518054
0.591492 0.517628
0.592048 0.517412
0.592604 0.516976
0.593158 0.516754
0.593712 0.516307
0.594265 0.516079
0.594817 0.51562
0.595368 0.515386
0.595919 0.514913
0.596469 0.514673
0.597018 0.514187
0.597566 0.51394
0.598113 0.51344
0.59866 0.513185
0.599206 0.512669
0.599751 0.512407
0.600295 0.511876
0.600838 0.511605
0.601381 0.511056
0.601923 0.510776
0.602464 0.510209
0.603005 0.50992
0.603544 0.509333
0.604083 0.509034
0.604621 0.508426
0.605158 0.508115
0.605695 0.507485
0.606231 0.507162
0.606766 0.506507
0.6073 0.506172
0.607834 0.50549
0.608366 0.505141
0.608898 0.504431
0.60943 0.504066
0.60996 0.503325
0.61049 0.502944
0.611019 0.502168
0.611547 0.501768
0.612075 0.500954
0.612601 0.500535
0.613127 0.499679
0.613653 0.499237
0.614177 0.498335
0.614701 0.497868
0.615224 0.496914
0.615746 0.496419
0.616268 0.495406
0.616789 0.494879
0.617309 0.4938
0.617828 0.493237
0.618347 0.492081
0.618865 0.491477
0.619382 0.490233
0.619899 0.489579
0.620415 0.488232
0.62093 0.487521
0.621444 0.486052
0.621958 0.485271
0.622471 0.483653
0.622983 0.482789
0.623495 0.480988
0.624005 0.480017
0.624516 0.477985
0.625025 0.476878
0.625534 0.474545
0.626042 0.473256
0.626549 0.470512
0.627056 0.468966
0.627561 0.465629
0.628067 0.46369
0.628571 0.459414
0.629075 0.456801
0.629578 0.450807
0.63008 0.446746
0.630582 0.436487
0.631083 0.426537
0.6321 0.426537
0.6326 0.436487
0.6331 0.446746
0.6336 0.450807
0.6341 0.456801
0.6346 0.459414
0.6351 0.46369
0.6356 0.465629
0.6361 0.468966
0.6366 0.470512
0.6371 0.473256
0.6376 0.474545
0.6381 0.476878
0.6386 0.477985
0.6391 0.480017
0.6396 0.480988
0.6401 0.482789
0.6406 0.483653
0.6411 0.485271
0.6416 0.486052
0.6421 0.487521
0.6426 0.488232
0.6431 0.489579
0.6436 0.490233
0.6441 0.491477
0.6446 0.492081
0.6451 0.493237
0.6456 0.4938
0.6461 0.494879
0.6466 0.495406
0.6471 0.496419
0.6476 0.496914
0.6481 0.497868
0.6486 0.498335
0.6491 0.499237
0.6496 0.499679
0.6501 0.500535
0.6506 0.500954
0.6511 0.501768
0.6516 0.502168
0.6521 0.502944
0.6526 0.503325
0.6531 0.504066
0.6536 0.504431
0.6541 0.505141
0.6546 0.50549
0.6551 0.506172
0.6556 0.506507
0.6561 0.507162
0.6566 0.507485
0.6571 0.508115
0.6576 0.508426
0.6581 0.509034
0.6586 0.509333
0.6591 0.50992
0.6596 0.510209
0.6601 0.510776
0.6606 0.511056
0.6611 0.511605
0.6616 0.511876
0.6621 0.512407
0.6626 0.512669
0.6631 0.513185
0.6636 0.51344
0.6641 0.51394
0.6646 0.514187
0.6651 0.514673
0.6656 0.514913
0.6661 0.515386
0.6666 0.51562
0.6671 0.516079
0.6676 0.516307
0.6681 0.516754
0.6686 0.516976
0.6691 0.517412
0.6696 0.517628
0.6701 0.518054
0.6706 0.518264
0.6711 0.518679
0.6716 0.518885
0.6721 0.51929
0.6726 0.519491
0.6731 0.519887
0.6736 0.520083
0.6741 0.52047
0.6746 0.520661
0.6751 0.52104
0.6756 0.521227
0.6761 0.521597
0.6766 0.521781
0.6771 0.522143
0.6776 0.522322
0.6781 0.522677
0.6786 0.522853
0.6791 0.5232
0.6796 0.523373
0.6801 0.523713
0.6806 0.523882
0.6811 0.524216
0.6816 0.524382
0.6821 0.524709
0.6826 0.524872
0.6831 0.525193
0.6836 0.525352
0.6841 0.525668
0.6846 0.525824
0.6851 0.526134
0.6856 0.526287
0.6861 0.526591
0.6866 0.526742
0.6871 0.527041
0.6876 0.527189
0.6881 0.527483
0.6886 0.527629
0.6891 0.527917
0.6896 0.52806
0.6901 0.528344
0.6906 0.528485
0.6911 0.528764
0.6916 0.528902
0.6921 0.529177
0.6926 0.529313
0.6931 0.529583
0.6936 0.529717
0.6941 0.529983
0.6946 0.530115
0.6951 0.530376
0.6956 0.530506
0.6961 0.530764
0.6966 0.530892
0.6971 0.531145
0.6976 0.531271
0.6981 0.531521
0.6986 0.531645
0.6991 0.531891
0.6996 0.532014
0.7001 0.532256
0.7006 0.532377
0.7011 0.532616
0.7016 0.532734
0.7021 0.53297
0.7026 0.533087
0.7031 0.533319
0.7036 0.533435
0.7041 0.533664
0.7046 0.533778
0.7051 0.534004
0.7056 0.534116
0.7061 0.534339
0.7066 0.534449
0.7071 0.534669
0.7076 0.534778
0.7081 0.534995
0.7086 0.535103
0.7091 0.535317
0.7096 0.535424
0.7101 0.535635
0.7106 0.53574
0.7111 0.535948
0.7116 0.536052
0.7121 0.536258
0.7126 0.53636
0.7131 0.536563
0.7136 0.536665
0.7141 0.536865
0.7146 0.536965
0.7151 0.537163
0.7156 0.537262
0.7161 0.537457
0.7166 0.537555
0.7171 0.537748
0.7176 0.537844
0.7181 0.538035
0.7186 0.53813
0.7191 0.538319
0.7196 0.538413
0.7201 0.538599
0.7206 0.538692
0.7211 0.538876
0.7216 0.538968
0.7221 0.53915
0.7226 0.53924
0.7231 0.53942
0.7236 0.53951
0.7241 0.539688
0.7246 0.539776
0.7251 0.539952
0.7256 0.54004
0.7261 0.540214
0.7266 0.5403
0.7271 0.540472
0.7276 0.540558
0.7281 0.540728
0.7286 0.540812
0.7291 0.54098
0.7296 0.541064
0.7301 0.54123
0.7306 0.541313
0.7311 0.541478
0.7316 0.541559
0.7321 0.541722
0.7326 0.541803
0.7331 0.541964
0.7336 0.542044
0.7341 0.542203
0.7346 0.542283
0.7351 0.54244
0.7356 0.542518
0.7361 0.542674
0.7366 0.542752
0.7371 0.542906
0.7376 0.542983
0.7381 0.543136
0.7386 0.543212
0.7391 0.543363
0.7396 0.543438
0.7401 0.543587
0.7406 0.543662
0.7411 0.54381
0.7416 0.543883
0.7421 0.54403
0.7426 0.544102
0.7431 0.544247
0.7436 0.54432
0.7441 0.544463
0.7446 0.544535
0.7451 0.544677
0.7456 0.544747
0.7461 0.544888
0.7466 0.544958
0.7471 0.545097
0.7476 0.545166
0.7481 0.545304
0.7486 0.545373
0.7491 0.545509
0.7496 0.545577
0.7501 0.545713
0.7506 0.54578
0.7511 0.545914
0.7516 0.54598
0.7521 0.546113
0.7526 0.546179
0.7531 0.54631
0.7536 0.546376
0.7541 0.546506
0.7546 0.54657
0.7551 0.546699
0.7556 0.546763
0.7561 0.546891
0.7566 0.546954
0.7571 0.547081
0.7576 0.547144
0.7581 0.547269
0.7586 0.547331
0.7591 0.547455
0.7596 0.547517
0.7601 0.54764
0.7606 0.547701
0.7611 0.547822
0.7616 0.547883
0.7621 0.548004
0.7626 0.548064
0.7631 0.548183
0.7636 0.548243
0.7641 0.548361
0.7646 0.54842
0.7651 0.548537
0.7656 0.548595
0.7661 0.548712
0.7666 0.548769
0.7671 0.548884
0.7676 0.548942
0.7681 0.549056
0.7686 0.549113
0.7691 0.549226
0.7696 0.549282
0.7701 0.549394
0.7706 0.54945
0.7711 0.549561
0.7716 0.549616
0.7721 0.549726
0.7726 0.549781
0.7731 0.54989
0.7736 0.549944
0.7741 0.550052
0.7746 0.550106
0.7751 0.550213
0.7756 0.550266
0.7761 0.550372
0.7766 0.550425
0.7771 0.55053
0.7776 0.550583
0.7781 0.550687
0.7786 0.550739
0.7791 0.550842
0.7796 0.550894
0.7801 0.550996
0.7806 0.551047
0.7811 0.551149
0.7816 0.551199
0.7821 0.5513
0.7826 0.55135
0.7831 0.55145
0.7836 0.551499
0.7841 0.551598
0.7846 0.551647
0.7851 0.551745
0.7856 0.551794
0.7861 0.551891
0.7866 0.55194
0.7871 0.552036
0.7876 0.552084
0.7881 0.552179
0.7886 0.552227
0.7891 0.552322
0.7896 0.552369
0.7901 0.552463
0.7906 0.552509
0.7911 0.552602
0.7916 0.552649
0.7921 0.552741
0.7926 0.552787
0.7931 0.552878
0.7936 0.552924
0.7941 0.553014
0.7946 0.553059
0.7951 0.553149
0.7956 0.553194
0.7961 0.553283
0.7966 0.553327
0.7971 0.553416
0.7976 0.55346
0.7981 0.553547
0.7986 0.553591
0.7991 0.553678
0.7996 0.553721
0.8001 0.553807
0.8006 0.55385
0.8011 0.553935
0.8016 0.553978
0.8021 0.554062
0.8026 0.554104
0.8031 0.554188
0.8036 0.55423
0.8041 0.554313
0.8046 0.554355
0.8051 0.554437
0.8056 0.554478
0.8061 0.55456
0.8066 0.5546
0.8071 0.554682
0.8076 0.554722
0.8081 0.554802
0.8086 0.554842
0.8091 0.554922
0.8096 0.554962
0.8101 0.555041
0.8106 0.55508
0.8111 0.555158
0.8116 0.555197
0.8121 0.555275
0.8126 0.555313
0.8131 0.55539
0.8136 0.555429
0.8141 0.555505
0.8146 0.555543
0.8151 0.555619
0.8156 0.555656
0.8161 0.555731
0.8166 0.555769
0.8171 0.555843
0.8176 0.55588
0.8181 0.555954
0.8186 0.555991
0.8191 0.556064
0.8196 0.5561
0.8201 0.556172
0.8206 0.556209
0.8211 0.55628
0.8216 0.556316
0.8221 0.556387
0.8226 0.556423
0.8231 0.556493
0.8236 0.556529
0.8241 0.556599
0.8246 0.556633
0.8251 0.556703
0.8256 0.556737
0.8261 0.556806
0.8266 0.55684
0.8271 0.556909
0.8276 0.556943
0.8281 0.55701
0.8286 0.557044
0.8291 0.557111
0.8296 0.557144
0.8301 0.557211
0.8306 0.557244
0.8311 0.557309
0.8316 0.557342
0.8321 0.557408
0.8326 0.55744
0.8331 0.557505
0.8336 0.557537
0.8341 0.557601
0.8346 0.557633
0.8351 0.557696
0.8356 0.557728
0.8361 0.557791
0.8366 0.557822
0.8371 0.557885
0.8376 0.557916
0.8381 0.557978
0.8386 0.558009
0.8391 0.55807
0.8396 0.558101
0.8401 0.558161
0.8406 0.558192
0.8411 0.558252
0.8416 0.558282
0.8421 0.558341
0.8426 0.558371
0.8431 0.55843
0.8436 0.55846
0.8441 0.558518
0.8446 0.558548
0.8451 0.558606
0.8456 0.558635
0.8461 0.558692
0.8466 0.558721
0.8471 0.558778
0.8476 0.558806
0.8481 0.558863
0.8486 0.558891
0.8491 0.558947
0.8496 0.558975
0.8501 0.55903
0.8506 0.559058
0.8511 0.559113
0.8516 0.55914
0.8521 0.559194
0.8526 0.559222
0.8531 0.559275
0.8536 0.559302
0.8541 0.559356
0.8546 0.559382
0.8551 0.559435
0.8556 0.559462
0.8561 0.559514
0.8566 0.55954
0.8571 0.559592
0.8576 0.559618
0.8581 0.559669
0.8586 0.559695
0.8591 0.559746
0.8596 0.559771
0.8601 0.559821
0.8606 0.559847
0.8611 0.559896
0.8616 0.559921
0.8621 0.559971
0.8626 0.559995
0.8631 0.560044
0.8636 0.560069
0.8641 0.560117
0.8646 0.560141
0.8651 0.560189
0.8656 0.560213
0.8661 0.560261
0.8666 0.560284
0.8671 0.560331
0.8676 0.560355
0.8681 0.560401
0.8686 0.560424
0.8691 0.56047
0.8696 0.560493
0.8701 0.560539
0.8706 0.560562
0.8711 0.560607
0.8716 0.560629
0.8721 0.560674
0.8726 0.560696
0.8731 0.56074
0.8736 0.560762
0.8741 0.560806
0.8746 0.560828
0.8751 0.560871
0.8756 0.560893
0.8761 0.560935
0.8766 0.560957
0.8771 0.560999
0.8776 0.56102
0.8781 0.561062
0.8786 0.561083
0.8791 0.561124
0.8796 0.561145
0.8801 0.561186
0.8806 0.561206
0.8811 0.561247
0.8816 0.561267
0.8821 0.561307
0.8826 0.561327
0.8831 0.561367
0.8836 0.561386
0.8841 0.561426
0.8846 0.561445
0.8851 0.561484
0.8856 0.561503
0.8861 0.561541
0.8866 0.56156
0.8871 0.561598
0.8876 0.561617
0.8881 0.561654
0.8886 0.561673
0.8891 0.56171
0.8896 0.561728
0.8901 0.561765
0.8906 0.561783
0.8911 0.561819
0.8916 0.561837
0.8921 0.561872
0.8926 0.56189
0.8931 0.561925
0.8936 0.561943
0.8941 0.561978
0.8946 0.561995
0.8951 0.562029
0.8956 0.562046
0.8961 0.56208
0.8966 0.562097
0.8971 0.56213
0.8976 0.562147
0.8981 0.56218
0.8986 0.562196
0.8991 0.562229
0.8996 0.562245
0.9001 0.562277
0.9006 0.562293
0.9011 0.562325
0.9016 0.562341
0.9021 0.562372
0.9026 0.562388
0.9031 0.562418
0.9036 0.562434
0.9041 0.562464
0.9046 0.562479
0.9051 0.562509
0.9056 0.562524
0.9061 0.562554
0.9066 0.562569
0.9071 0.562598
0.9076 0.562612
0.9081 0.562641
0.9086 0.562655
0.9091 0.562684
0.9096 0.562698
0.9101 0.562726
0.9106 0.562739
0.9111 0.562767
0.9116 0.562781
0.9121 0.562808
0.9126 0.562821
0.9131 0.562848
0.9136 0.562861
0.9141 0.562887
0.9146 0.5629
0.9151 0.562926
0.9156 0.562939
0.9161 0.562965
0.9166 0.562977
0.9171 0.563002
0.9176 0.563015
0.9181 0.563039
0.9186 0.563052
0.9191 0.563076
0.9196 0.563088
0.9201 0.563112
0.9206 0.563123
0.9211 0.563147
0.9216 0.563159
0.9221 0.563182
0.9226 0.563193
0.9231 0.563216
0.9236 0.563227
0.9241 0.563249
0.9246 0.56326
0.9251 0.563282
0.9256 0.563293
0.9261 0.563315
0.9266 0.563325
0.9271 0.563346
0.9276 0.563357
0.9281 0.563378
0.9286 0.563388
0.9291 0.563408
0.9296 0.563418
0.9301 0.563438
0.9306 0.563448
0.9311 0.563468
0.9316 0.563478
0.9321 0.563497
0.9326 0.563506
0.9331 0.563525
0.9336 0.563535
0.9341 0.563553
0.9346 0.563562
0.9351 0.563581
0.9356 0.56359
0.9361 0.563608
0.9366 0.563616
0.9371 0.563634
0.9376 0.563643
0.9381 0.56366
0.9386 0.563668
0.9391 0.563685
0.9396 0.563694
0.9401 0.56371
0.9406 0.563718
0.9411 0.563734
0.9416 0.563742
0.9421 0.563758
0.9426 0.563766
0.9431 0.563782
0.9436 0.56379
0.9441 0.563805
0.9446 0.563813
0.9451 0.563828
0.9456 0.563835
0.9461 0.56385
0.9466 0.563857
0.9471 0.563871
0.9476 0.563879
0.9481 0.563893
0.9486 0.5639
0.9491 0.563914
0.9496 0.563921
0.9501 0.563934
0.9506 0.563941
0.9511 0.563955
0.9516 0.563961
0.9521 0.563975
0.9526 0.563981
0.9531 0.563994
0.9536 0.564001
0.9541 0.564014
0.9546 0.56402
0.9551 0.564033
0.9556 0.564039
0.9561 0.564051
0.9566 0.564057
0.9571 0.56407
0.9576 0.564076
0.9581 0.564088
0.9586 0.564094
0.9591 0.564106
0.9596 0.564112
0.9596 0.56496
0.9597 0.565083
0.9598 0.565206
0.9599 0.56533
0.96 0.565454
0.9601 0.565578
0.9602 0.565701
0.9603 0.565825
0.9604 0.56595
0.9605 0.566074
0.9606 0.566198
0.9607 0.566323
0.9608 0.566447
0.9609 0.566572
0.961 0.566697
0.9611 0.566822
0.9612 0.566947
0.9613 0.567072
0.9614 0.567198
0.9615 0.567323
0.9616 0.567449
0.9617 0.567574
0.9618 0.5677
0.9619 0.567826
0.962 0.567952
0.9621 0.568078
0.9622 0.568204
0.9623 0.568331
0.9624 0.568457
0.9625 0.568584
0.9626 0.56871
0.9627 0.568837
0.9628 0.568964
0.9629 0.569091
0.963 0.569219
0.9631 0.569346
0.9632 0.569473
0.9633 0.569601
0.9634 0.569728
0.9635 0.569856
0.9636 0.569984
0.9637 0.570112
0.9638 0.57024
0.9639 0.570368
0.964 0.570497
0.9641 0.570625
0.9642 0.570754
0.9643 0.570883
0.9644 0.571011
0.9645 0.57114
0.9646 0.571269
0.9647 0.571399
0.9648 0.571528
0.9649 0.571657
0.965 0.571787
0.9651 0.571916
0.9652 0.572046
0.9653 0.572176
0.9654 0.572306
0.9655 0.572436
0.9656 0.572567
0.9657 0.572697
0.9658 0.572827
0.9659 0.572958
0.966 0.573089
0.9661 0.57322
0.9662 0.573351
0.9663 0.573482
0.9664 0.573613
0.9665 0.573744
0.9666 0.573876
0.9667 0.574007
0.9668 0.574139
0.9669 0.574271
0.967 0.574403
0.9671 0.574535
0.9672 0.574667
0.9673 0.574799
0.9674 0.574932
0.9675 0.575064
0.9676 0.575197
0.9677 0.575329
0.9678 0.575462
0.9679 0.575595
0.968 0.575729
0.9681 0.575862
0.9682 0.575995
0.9683 0.576129
0.9684 0.576262
0.9685 0.576396
0.9686 0.57653
0.9687 0.576664
0.9688 0.576798
0.9689 0.576932
0.969 0.577067
0.9691 0.577201
0.9692 0.577336
0.9693 0.57747
0.9694 0.577605
0.9695 0.57774
0.9696 0.577875
0.9697 0.578011
0.9698 0.578146
0.9699 0.578281
0.97 0.578417
0.9701 0.578553
0.9702 0.578688
0.9703 0.578824
0.9704 0.57896
0.9705 0.579097
0.9706 0.579233
0.9707 0.579369
0.9708 0.579506
0.9709 0.579643
0.971 0.57978
0.9711 0.579917
0.9712 0.580054
0.9713 0.580191
0.9714 0.580328
0.9715 0.580466
0.9716 0.580603
0.9717 0.580741
0.9718 0.580879
0.9719 0.581017
0.972 0.581155
0.9721 0.581293
0.9722 0.581431
0.9723 0.58157
0.9724 0.581708
0.9725 0.581847
0.9726 0.581986
0.9727 0.582125
0.9728 0.582264
0.9729 0.582403
0.973 0.582542
0.9731 0.582682
0.9732 0.582821
0.9733 0.582961
0.9734 0.583101
0.9735 0.583241
0.9736 0.583381
0.9737 0.583521
0.9738 0.583661
0.9739 0.583802
0.974 0.583942
0.9741 0.584083
0.9742 0.584224
0.9743 0.584365
0.9744 0.584506
0.9745 0.584647
0.9746 0.584789
0.9747 0.58493
0.9748 0.585072
0.9749 0.585213
0.975 0.585355
0.9751 0.585497
0.9752 0.585639
0.9753 0.585782
0.9754 0.585924
0.9755 0.586066
0.9756 0.586209
0.9757 0.586352
0.9758 0.586495
0.9759 0.586638
0.976 0.586781
0.9761 0.586924
0.9762 0.587068
0.9763 0.587211
0.9764 0.587355
0.9765 0.587499
0.9766 0.587643
0.9767 0.587787
0.9768 0.587931
0.9769 0.588075
0.977 0.588219
0.9771 0.588364
0.9772 0.588509
0.9773 0.588654
0.9774 0.588799
0.9775 0.588944
0.9776 0.589089
0.9777 0.589234
0.9778 0.58938
0.9779 0.589525
0.978 0.589671
0.9781 0.589817
0.9782 0.589963
0.9783 0.590109
0.9784 0.590255
0.9785 0.590402
0.9786 0.590548
0.9787 0.590695
0.9788 0.590842
0.9789 0.590989
0.979 0.591136
0.9791 0.591283
0.9792 0.59143
0.9793 0.591578
0.9794 0.591725
0.9795 0.591873
0.9796 0.592021
0.9797 0.592169
0.9798 0.592317
0.9799 0.592465
0.98 0.592614
0.9801 0.592762
0.9802 0.592911
0.9803 0.59306
0.9804 0.593208
0.9805 0.593357
0.9806 0.593507
0.9807 0.593656
0.9808 0.593805
0.9809 0.593955
0.981 0.594105
0.9811 0.594255
0.9812 0.594405
0.9813 0.594555
0.9814 0.594705
0.9815 0.594855
0.9816 0.595006
0.9817 0.595156
0.9818 0.595307
0.9819 0.595458
0.982 0.595609
0.9821 0.59576
0.9822 0.595912
0.9823 0.596063
0.9824 0.596215
0.9825 0.596367
0.9826 0.596518
0.9827 0.59667
0.9828 0.596823
0.9829 0.596975
0.983 0.597127
0.9831 0.59728
0.9832 0.597433
0.9833 0.597585
0.9834 0.597738
0.9835 0.597891
0.9836 0.598045
0.9837 0.598198
0.9838 0.598352
0.9839 0.598505
0.984 0.598659
0.9841 0.598813
0.9842 0.598967
0.9843 0.599121
0.9844 0.599275
0.9845 0.59943
0.9846 0.599584
0.9847 0.599739
0.9848 0.599894
0.9849 0.600049
0.985 0.600204
0.9851 0.60036
0.9852 0.600515
0.9853 0.600671
0.9854 0.600826
0.9855 0.600982
0.9856 0.601138
0.9857 0.601294
0.9858 0.601451
0.9859 0.601607
0.986 0.601763
0.9861 0.60192
0.9862 0.602077
0.9863 0.602234
0.9864 0.602391
0.9865 0.602548
0.9866 0.602706
0.9867 0.602863
0.9868 0.603021
0.9869 0.603179
0.987 0.603337
0.9871 0.603495
0.9872 0.603653
0.9873 0.603811
0.9874 0.60397
0.9875 0.604128
0.9876 0.604287
0.9877 0.604446
0.9878 0.604605
0.9879 0.604764
0.988 0.604924
0.9881 0.605083
0.9882 0.605243
0.9883 0.605403
0.9884 0.605563
0.9885 0.605723
0.9886 0.605883
0.9887 0.606043
0.9888 0.606204
0.9889 0.606364
0.989 0.606525
0.9891 0.606686
0.9892 0.606847
0.9893 0.607008
0.9894 0.60717
0.9895 0.607331
0.9896 0.607493
0.9897 0.607654
0.9898 0.607816
0.9899 0.607978
0.99 0.608141
0.9901 0.608303
0.9902 0.608465
0.9903 0.608628
0.9904 0.608791
0.9905 0.608954
0.9906 0.609117
0.9907 0.60928
0.9908 0.609443
0.9909 0.609607
0.991 0.60977
0.9911 0.609934
0.9912 0.610098
0.9913 0.610262
0.9914 0.610427
0.9915 0.610591
0.9916 0.610755
0.9917 0.61092
0.9918 0.611085
0.9919 0.61125
0.992 0.611415
0.9921 0.61158
0.9922 0.611746
0.9923 0.611911
0.9924 0.612077
0.9925 0.612243
0.9926 0.612409
0.9927 0.612575
0.9928 0.612741
0.9929 0.612907
0.993 0.613074
0.9931 0.613241
0.9932 0.613407
0.9933 0.613575
0.9934 0.613742
0.9935 0.613909
0.9936 0.614076
0.9937 0.614244
0.9938 0.614412
0.9939 0.61458
0.994 0.614748
0.9941 0.614916
0.9942 0.615084
0.9943 0.615253
0.9944 0.615421
0.9945 0.61559
0.9946 0.615759
0.9947 0.615928
0.9948 0.616097
0.9949 0.616267
0.995 0.616436
0.9951 0.616606
0.9952 0.616776
0.9953 0.616946
0.9954 0.617116
0.9955 0.617286
0.9956 0.617457
0.9957 0.617627
0.9958 0.617798
0.9959 0.617969
0.996 0.61814
0.9961 0.618311
0.9962 0.618482
0.9963 0.618654
0.9964 0.618825
0.9965 0.618997
0.9966 0.619169
0.9967 0.619341
0.9968 0.619513
0.9969 0.619686
0.997 0.619858
0.9971 0.620031
0.9972 0.620204
0.9973 0.620377
0.9974 0.62055
0.9975 0.620723
0.9976 0.620897
0.9977 0.62107
0.9978 0.621244
0.9979 0.621418
0.998 0.621592
0.9981 0.621766
0.9982 0.621941
0.9983 0.622115
0.9984 0.62229
0.9985 0.622465
0.9986 0.62264
0.9987 0.622815
0.9988 0.62299
0.9989 0.623166
0.999 0.623341
0.9991 0.623517
0.9992 0.623693
0.9993 0.623869
0.9994 0.624045
0.9995 0.624222
0.9996 0.624398
0.9997 0.624575
0.9998 0.624752
0.9999 0.624929
1 0.625106
